1748860410613 61.085577726364136 1
1748860462263 51.64740467071533 2
1748860512483 50.21708154678345 3
1748860597016 84.52925062179565 4
1748860646556 49.53692698478699 5
1748860680956 34.39770698547363 6
1748860736295 55.33676218986511 7
1748860758623 22.325212240219116 8
1748860799958 41.33179187774658 9
1748860836508 36.54825401306152 10
1748860895621 59.068806409835815 11
1748860960507 64.8414785861969 12
1748861044488 83.77551126480103 13
1748861097363 52.8318452835083 14
1748861140752 43.341092586517334 15
1748861197341 56.511656284332275 16
1748861233791 36.37115287780762 17
1748861343712 109.82684803009033 18
1748861416672 72.8309154510498 19
1748861525848 109.04606199264526 20
