1748860410614 0.004844387950496746 1
1748860462264 0.004852656120979973 2
1748860512484 0.004946811790386192 3
1748860597017 0.004741920281951261 4
1748860646556 0.004853895923590711 5
1748860680957 0.004875047440149184 6
1748860736296 0.004663114543476739 7
1748860758624 0.00500573766828845 8
1748860799958 0.005223864973629531 9
1748860836509 0.004840835820561912 10
1748860895621 0.004861465365012777 11
1748860960508 0.004745821704589431 12
1748861044488 0.004845667668521188 13
1748861097364 0.004797167734847858 14
1748861140753 0.004980389508249456 15
1748861197342 0.004862508299595602 16
1748861233792 0.004944314778465039 17
1748861343713 0.004595833916908758 18
1748861416672 0.004974972385084261 19
1748861525849 0.004706010523652321 20
