1748862475135 0.0580425500429239 1
1748862545388 0.055271464013080716 2
1748862601061 0.06085768123336311 3
1748862649396 0.05541909399337281 4
1748862687518 0.05300323291663804 5
1748862744986 0.05700534591265765 6
1748862834889 0.05560565886375516 7
1748862871244 0.052456535031770876 8
1748862909056 0.05019272626958116 9
1748862961593 0.057955298237110306 10
1748863005664 0.056076446128188615 11
1748863052523 0.05180383965972255 12
1748863082526 0.05669219851522818 13
1748863129027 0.04754916216843663 14
1748863186911 0.05232741460516635 15
1748863249883 0.054995506444872166 16
1748863310909 0.04541499026895684 17
1748863349261 0.04784093610865185 18
1748863407430 0.055409674768311046 19
1748863455566 0.054446197955858415 20
