1748862475134 94.39795708656311 1
1748862545387 70.25031805038452 2
1748862601061 55.670034646987915 3
1748862649395 48.33179235458374 4
1748862687518 38.119741916656494 5
1748862744985 57.46439862251282 6
1748862834889 89.90026140213013 7
1748862871243 36.35195779800415 8
1748862909056 37.80954575538635 9
1748862961592 52.52881860733032 10
1748863005664 44.00230932235718 11
1748863052522 46.80537986755371 12
1748863082526 29.93321204185486 13
1748863129026 46.43892812728882 14
1748863186910 57.76031255722046 15
1748863249883 62.7034809589386 16
1748863310909 60.9356529712677 17
1748863349261 38.29480504989624 18
1748863407429 58.10782313346863 19
1748863455565 48.06154704093933 20
