1748862091025 61.73635721206665 1
1748862167535 76.50659894943237 2
1748862201375 33.836488008499146 3
1748862255586 54.2081413269043 4
1748862311613 56.02384090423584 5
1748862348377 36.76073956489563 6
1748862393135 44.754276514053345 7
1748862435048 41.902684450149536 8
1748862543115 108.06211590766907 9
1748862610003 66.88320064544678 10
1748862754602 144.44485926628113 11
1748862872437 117.66309666633606 12
1748863071707 199.12115693092346 13
1748863284122 212.2856855392456 14
1748863405543 121.23447251319885 15
1748863499863 94.2042760848999 16
1748863688450 188.46282052993774 17
1748863814877 126.27990460395813 18
1748863934124 119.11406755447388 19
