1748862091026 10.604652452300877 1
1748862167536 8.618565232571047 2
1748862201375 10.707054145855343 3
1748862255587 9.29486011864807 4
1748862311614 9.029910626250055 5
1748862348378 10.408877098472082 6
1748862393136 10.262149588717659 7
1748862435049 10.293671340237324 8
1748862543116 8.914495329451915 9
1748862610004 10.877768410433136 10
1748862754603 8.456300045641196 11
1748862872438 8.276807456686653 12
1748863071708 8.097208477069616 13
1748863284123 8.353154962017205 14
1748863405543 8.39345956997678 15
1748863499864 7.929691506970058 16
1748863688451 8.461041455049479 17
1748863814877 8.620397788912923 18
1748863934125 8.406989472239651 19
