1748862850705 77.56542897224426 1
1748862933677 82.96865487098694 2
1748862982421 48.74040126800537 3
1748863029279 46.85430192947388 4
1748863074717 45.434202671051025 5
1748863152646 77.92488646507263 6
1748863247027 94.37561058998108 7
1748863294713 47.675379037857056 8
1748863374997 80.27820014953613 9
1748863456891 81.88848567008972 10
1748863510039 53.06491017341614 11
1748863563085 52.98971366882324 12
1748863623070 59.900007486343384 13
1748863674072 50.90582203865051 14
1748863731415 57.255414724349976 15
1748863783441 51.932167053222656 16
1748863838848 55.31820058822632 17
1748863897956 59.004931926727295 18
