1748862850706 0.05433915466414596 1
1748862933678 0.052740388359873394 2
1748862982422 0.049235718757746544 3
1748863029280 0.05222303759177547 4
1748863074718 0.05352615033608944 5
1748863152647 0.04641731005078094 6
1748863247028 0.05047251569683944 7
1748863294714 0.051814978626172334 8
1748863374998 0.047265657507621246 9
1748863456892 0.05266093172199663 10
1748863510040 0.07138160023993466 11
1748863563086 0.054098360017521094 12
1748863623070 0.05201194150840776 13
1748863674072 0.053823135612331555 14
1748863731416 0.050065442167019684 15
1748863783442 0.04579694844348782 16
1748863838849 0.053793651603224954 17
1748863897957 0.055240421668377115 18
