1748861648725 69.04184317588806 1
1748861695948 47.21976184844971 2
1748861745935 49.98428416252136 3
1748861784085 38.14678931236267 4
1748861810361 26.273218631744385 5
1748861856445 46.07970714569092 6
1748861898344 41.89521646499634 7
1748861931978 33.63050150871277 8
1748861974642 42.6558940410614 9
1748862009148 34.502681255340576 10
1748862057940 48.734912633895874 11
1748862104428 46.41740322113037 12
1748862130995 26.491387128829956 13
1748862180940 49.718214988708496 14
1748862237986 56.97878646850586 15
1748862275373 37.314053535461426 16
1748862310809 35.35057735443115 17
1748862331736 20.85217308998108 18
1748862398977 67.14570903778076 19
1748862430460 31.397794246673584 20
