1748861648726 0.004859797456287669 1
1748861695949 0.004925019619628235 2
1748861745936 0.004985913130840475 3
1748861784086 0.0048153479240504475 4
1748861810362 0.004919942868614493 5
1748861856446 0.005030636773711843 6
1748861898345 0.0048301786697318334 7
1748861931979 0.004974509378631053 8
1748861974643 0.005055290026553159 9
1748862009149 0.005056624845696227 10
1748862057941 0.0048107487273743935 11
1748862104429 0.0048144185167320625 12
1748862130996 0.0049384819754430655 13
1748862180940 0.0049524608666391265 14
1748862237987 0.004762040198155948 15
1748862275374 0.004816392045893117 16
1748862310809 0.00510163786052935 17
1748862331737 0.004999905144139647 18
1748862398978 0.004818599216621161 19
1748862430461 0.005028462803951363 20
