1748860394890 45.42917728424072 1
1748860489192 94.29887318611145 2
1748860527190 37.995017766952515 3
1748860592825 65.63250064849854 4
1748860665841 73.01444268226624 5
1748860711292 45.447866916656494 6
1748860750681 39.387314796447754 7
1748860790974 40.29066061973572 8
1748860842830 51.85358643531799 9
1748860869745 26.913143157958984 10
1748860932913 63.10825967788696 11
1748861029350 96.36609649658203 12
1748861101021 71.53199911117554 13
1748861154485 53.312713384628296 14
1748861220349 65.7628448009491 15
1748861278239 57.78295350074768 16
1748861339204 60.853254318237305 17
1748861405384 66.065678358078 18
1748861508947 103.32760262489319 19
1748861592944 83.87105894088745 20
