1748860394891 0.8028396577915293 1
1748860489193 0.6511660180929226 2
1748860527190 0.9726429818666777 3
1748860592825 0.5176563331448429 4
1748860665842 0.35891700712594765 5
1748860711292 0.7530620936530878 6
1748860750682 0.5897592923468176 7
1748860790975 0.9844263440290772 8
1748860842831 0.6472458311487437 9
1748860869746 1.3144234009507283 10
1748860932913 0.3393813035703426 11
1748861029350 0.41607620870312645 12
1748861101022 0.5464648563578461 13
1748861154485 0.7491362001799946 14
1748861220349 0.4914397391612484 15
1748861278240 0.41003829582865814 16
1748861339204 0.5199550391919532 17
1748861405385 0.4179696585704261 18
1748861508947 0.27647350562245426 19
1748861592944 0.20652440133494665 20
