1748861921631 0.19502732025165698 1
1748861969367 0.1792730370510227 2
1748861997390 0.2011981489124815 3
1748862037889 0.1997418397768247 4
1748862079779 0.21529116974362336 5
1748862145333 0.18315510632773868 6
1748862206259 0.19206702491543695 7
1748862232742 0.21948100887474462 8
1748862259254 0.21059556818355046 9
1748862287714 0.21542528101899175 10
1748862312211 0.19612634977908358 11
1748862393441 0.16139631982788816 12
1748862473601 0.1587076872279922 13
1748862566982 0.17614578802207276 14
1748862641007 0.1389050805389246 15
1748862683650 0.2344893566814957 16
1748862755449 0.13888865847664422 17
1748862800355 0.1611185420746612 18
1748862856288 0.1996797842298858 19
1748862917036 0.14174788950060832 20
