1748861921630 49.39441776275635 1
1748861969366 47.732579708099365 2
1748861997389 28.01942801475525 3
1748862037888 40.495630979537964 4
1748862079778 41.88599872589111 5
1748862145332 65.54944205284119 6
1748862206258 60.9220449924469 7
1748862232741 26.479702472686768 8
1748862259254 26.509430408477783 9
1748862287713 28.45647430419922 10
1748862312210 24.390385150909424 11
1748862393440 81.11933135986328 12
1748862473600 80.07988739013672 13
1748862566981 93.30412650108337 14
1748862641006 73.94515085220337 15
1748862683649 42.56720733642578 16
1748862755448 71.71684908866882 17
1748862800355 44.62719798088074 18
1748862856287 55.815316915512085 19
1748862917035 60.632599115371704 20
