1748860398244 2.570525300411364 1
1748860456103 0.2499599632999604 2
1748860503980 0.642018027390655 3
1748860562776 1.2929685602142458 4
1748860617591 0.8864103328260335 5
1748860673308 1.1081415322069836 6
1748860747577 0.6594836620572825 7
1748860774608 2.399590604536515 8
1748860822777 0.8988382282946248 9
1748860865887 0.21634517102302475 10
1748860899361 1.198811149827847 11
1748860936684 1.9195710070892493 12
1748860973405 0.9471233833625483 13
1748861019357 0.5105708425598489 14
1748861058652 0.8708459545740779 15
1748861125991 1.4308893676987648 16
1748861170272 0.8748079923411363 17
1748861221662 1.0746335758601528 18
1748861293099 0.6662912503517064 19
1748861317422 0.1976889706587274 20
