1748860398243 48.80968928337097 1
1748860456103 57.85122346878052 2
1748860503979 47.87329292297363 3
1748860562775 58.79325985908508 4
1748860617591 54.812501192092896 5
1748860673307 55.71390986442566 6
1748860747576 74.26564407348633 7
1748860774608 27.027968168258667 8
1748860822776 48.1662323474884 9
1748860865887 43.107728242874146 10
1748860899360 33.411624908447266 11
1748860936683 37.24654531478882 12
1748860973405 36.63305163383484 13
1748861019356 45.867151737213135 14
1748861058651 39.09607696533203 15
1748861125990 67.24116373062134 16
1748861170271 44.17394161224365 17
1748861221662 51.3017463684082 18
1748861293098 71.33563494682312 19
1748861317421 24.23649525642395 20
