1748864645248 2069.6913608043164 1
1748864822207 2324.1815003308843 2
1748864948431 2109.0619074404685 3
1748865106822 2217.971505359936 4
1748865413830 2427.243818781102 5
1748865560544 2057.9344948507473 6
1748865828892 2228.646185742228 7
1748866015305 454692.050119822 8
1748866227747 2195.7347978914067 9
1748866423141 2133.7437377960878 10
1748866623795 2189.230025405281 11
1748866912254 6313.128021293381 12
1748867012057 2097.298172682589 13
1748867261778 3077.7595210697073 14
1748867385488 2017.6169678615438 15
1748867574318 2485.649043036252 16
1748867668895 2135.954920315866 17
1748867794219 2106.7708829586286 18
1748868009288 2886.463835750459 19
