1748864645246 217.17684030532837 1
1748864822206 176.95115184783936 2
1748864948430 126.2102689743042 3
1748865106820 158.3827576637268 4
1748865413828 306.99772214889526 5
1748865560543 146.70478177070618 6
1748865828890 268.33944272994995 7
1748866015303 186.4028880596161 8
1748866227745 212.43179512023926 9
1748866423138 195.38240599632263 10
1748866623794 200.37852358818054 11
1748866912252 288.0311620235443 12
1748867012056 99.62357330322266 13
1748867261776 249.53664684295654 14
1748867385486 123.4148941040039 15
1748867574317 188.33433938026428 16
1748867668894 94.37965869903564 17
1748867794218 125.10253858566284 18
1748868009285 214.87029814720154 19
