1748868379337 219.4035038948059 1
1748868509732 130.38394975662231 2
1748868643514 133.769681930542 3
1748868843623 200.09397912025452 4
1748868958335 114.69961619377136 5
1748869085926 127.57801485061646 6
1748869315705 229.76220989227295 7
1748869525336 209.61439657211304 8
1748869717190 191.83747220039368 9
1748869894583 177.37785649299622 10
1748870050148 155.25060868263245 11
1748870217568 167.18852758407593 12
1748870298556 80.73534727096558 13
1748870522314 223.41399574279785 14
1748870804965 282.3071565628052 15
1748870989812 184.57712173461914 16
1748871113379 123.38257217407227 17
1748871355671 242.0943398475647 18
1748871512947 156.96291971206665 19
1748871694282 181.10453057289124 20
