1748868379339 0.01404606176475353 1
1748868509735 0.01421913042634451 2
1748868643518 0.014532380314691371 3
1748868843626 0.01425899132930699 4
1748868958337 0.013862837297376461 5
1748869085929 0.014203776893288424 6
1748869315709 0.014281177233804492 7
1748869525339 0.014167866707227786 8
1748869717194 0.01445330523625103 9
1748869894586 0.01446211011526025 10
1748870050151 0.014104369540735785 11
1748870217571 0.014334281164840895 12
1748870298560 0.013986526064164114 13
1748870522317 0.014362071511650237 14
1748870804968 0.014121286092253845 15
1748870989814 0.014596133245660435 16
1748871113382 0.014160611449490344 17
1748871355674 0.013914158052822352 18
1748871512950 0.014435356379036767 19
1748871694285 0.014327098382326339 20
