1748868287759 1.3572303945459891 1
1748868394832 1.3742355765533967 2
1748868484598 1.3691166742916698 3
1748868565125 1.3731012172710928 4
1748868628783 1.3596883997306815 5
1748868786379 1.370069801765371 6
1748868865508 1.3650963260502436 7
1748868958295 1.3568758662912535 8
1748869064810 1.3652501783241813 9
1748869144718 1.3523287288326817 10
1748869220242 1.3662014597460228 11
1748869332739 1.3584077067295488 12
1748869425700 1.3344017286827357 13
1748869521507 1.3449218272627455 14
1748869599477 1.3797368063644346 15
1748869656828 1.3706272000823272 16
1748869736634 1.3611996877112067 17
1748869815958 1.3871001090870405 18
1748869877038 1.3554819379259178 19
1748869979074 1.3559435931743193 20
