1748868287755 129.01183938980103 1
1748868394830 107.05787587165833 2
1748868484596 89.7548017501831 3
1748868565122 80.51126646995544 4
1748868628779 63.643308877944946 5
1748868786375 157.57895040512085 6
1748868865505 79.11429738998413 7
1748868958292 92.7746992111206 8
1748869064807 106.50398325920105 9
1748869144716 79.89661455154419 10
1748869220240 75.16430497169495 11
1748869332737 112.18842601776123 12
1748869425698 92.60183095932007 13
1748869521504 95.41513228416443 14
1748869599474 77.58725118637085 15
1748869656826 56.91077160835266 16
1748869736631 79.38287854194641 17
1748869815955 78.88617467880249 18
1748869877035 60.70285511016846 19
1748869979070 101.7218325138092 20
