1748860389275 0.9987130346882009 1
1748860475693 0.3635894838019134 2
1748860515080 1.446104667268063 3
1748860574781 0.5349366164672509 4
1748860633127 0.6241847470215275 5
1748860680543 0.7291906532848106 6
1748860751572 0.48923377238626575 7
1748860795540 1.042408764131058 8
1748860855347 0.657028273622845 9
1748860881234 1.2278640347557734 10
1748860957036 0.3735630615126107 11
1748861050263 0.41404020101074956 12
1748861178268 0.25249497705546176 13
1748861292363 0.2812167660428185 14
1748861402106 0.3073427563020368 15
1748861489661 0.4235854787216242 16
1748861569919 0.46217716333392245 17
1748861658069 0.38463540688983344 18
1748861789752 0.28672388269407006 19
1748861909131 0.25176320733594093 20
