1748860389274 39.803471326828 1
1748860475692 86.41530513763428 2
1748860515080 39.38443350791931 3
1748860574781 59.694047689437866 4
1748860633126 58.343157052993774 5
1748860680542 47.41349744796753 6
1748860751571 71.02658605575562 7
1748860795539 43.965813636779785 8
1748860855346 59.8047149181366 9
1748860881233 25.88461136817932 10
1748860957035 75.70557069778442 11
1748861050262 93.07030582427979 12
1748861178268 127.90222978591919 13
1748861292362 114.02104663848877 14
1748861402106 109.6632947921753 15
1748861489661 87.45682001113892 16
1748861569919 80.14579439163208 17
1748861658068 87.9455053806305 18
1748861789751 131.4821605682373 19
1748861909130 119.25167417526245 20
