1748868597336 439.1702160835266 1
1748868846675 249.33007907867432 2
1748869067942 221.25774908065796 3
1748869354106 286.1542031764984 4
1748869718493 364.3739023208618 5
1748870030227 311.7224576473236 6
1748870469883 439.64276480674744 7
1748870624431 154.53535962104797 8
1748870834758 210.31892824172974 9
1748871013634 178.86670684814453 10
1748871297267 283.3684024810791 11
1748871660005 362.39067339897156 12
1748871942749 282.1511161327362 13
1748872216268 273.2356684207916 14
1748872552155 335.5314075946808 15
1748872810307 257.76050877571106 16
1748873077353 266.6793532371521 17
