1748861672244 66.58038759231567 1
1748861719991 47.74371671676636 2
1748861764118 44.12493085861206 3
1748861803547 39.42596936225891 4
1748861840959 37.40863013267517 5
1748861865265 24.303195238113403 6
1748861952420 87.15180349349976 7
1748861974070 21.646925926208496 8
1748862005171 31.09776282310486 9
1748862046038 40.85903000831604 10
1748862118066 71.98009324073792 11
1748862184940 66.76256442070007 12
1748862204472 19.423896074295044 13
1748862251951 47.40669131278992 14
1748862268707 16.661492347717285 15
1748862314495 45.71006679534912 16
1748862341725 27.154171228408813 17
1748862393290 51.434059619903564 18
1748862443058 49.678062438964844 19
1748862495518 52.23387432098389 20
