1748861672245 0.004973452721976156 1
1748861719991 0.004819881549751203 2
1748861764119 0.004892035537347392 3
1748861803548 0.004784482086302714 4
1748861840959 0.004651254664286232 5
1748861865266 0.0050680202859925885 6
1748861952420 0.004792800944344247 7
1748861974070 0.004836521160228684 8
1748862005171 0.004898237788167548 9
1748862046038 0.004922181471326482 10
1748862118066 0.004600559099497189 11
1748862184941 0.0047109934650277595 12
1748862204473 0.004904610854017069 13
1748862251952 0.005040512585504998 14
1748862268708 0.004994434976870245 15
1748862314495 0.004767269586850165 16
1748862341726 0.004927311250920505 17
1748862393290 0.004690277829823694 18
1748862443059 0.004798805527054679 19
1748862495518 0.0046578268686298385 20
