1748861772180 0.26902954975909327 1
1748861827760 0.17505040052319276 2
1748861849607 0.212663614068644 3
1748861903905 0.16862656355897188 4
1748861942895 0.1700692400043671 5
1748861971515 0.20318061411071242 6
1748862026303 0.1999746027141181 7
1748862052556 0.2217145015767642 8
1748862069891 0.19427719751069597 9
1748862087119 0.21126683336934404 10
1748862159337 0.16189353614995505 11
1748862206651 0.13995145575263054 12
1748862264030 0.1831896824088925 13
1748862320745 0.15909745312002116 14
1748862429671 0.1532699777062083 15
1748862565348 0.15189717241871586 16
1748862642899 0.19955794525713355 17
1748862719183 0.1268123682931813 18
1748862761363 0.18163846685024737 19
1748862902016 0.17999701412441282 20
