1748861772180 35.390604972839355 1
1748861827760 55.57677173614502 2
1748861849606 21.84256148338318 3
1748861903905 54.29474878311157 4
1748861942894 38.98625612258911 5
1748861971515 28.61764407157898 6
1748862026302 54.78453254699707 7
1748862052555 26.249536514282227 8
1748862069890 17.331518411636353 9
1748862087118 17.224132776260376 10
1748862159336 72.13538670539856 11
1748862206650 47.245575189590454 12
1748862264030 57.16200232505798 13
1748862320744 56.63367772102356 14
1748862429671 108.84899544715881 15
1748862565347 135.58420753479004 16
1748862642898 77.48087549209595 17
1748862719182 76.20285534858704 18
1748862761363 42.08716320991516 19
1748862902015 140.55044651031494 20
