1748862726377 83.77839231491089 1
1748862789843 63.46174240112305 2
1748862842897 53.05173873901367 3
1748862898668 55.76329183578491 4
1748862956471 57.79924702644348 5
1748863025005 68.53050899505615 6
1748863106070 81.06215620040894 7
1748863147996 41.921284198760986 8
1748863199708 51.70923161506653 9
1748863256376 56.66507697105408 10
1748863307558 51.11474943161011 11
1748863353164 45.542701959609985 12
1748863410464 57.236767292022705 13
1748863504362 93.83632206916809 14
1748863604407 99.9748592376709 15
1748863698021 93.54406023025513 16
1748863768932 70.84023427963257 17
1748863859671 90.66924142837524 18
