1748862726378 0.05452035879663125 1
1748862789843 0.060004069390999774 2
1748862842898 0.054519545922198376 3
1748862898669 0.048405851886114355 4
1748862956472 0.04831407241642498 5
1748863025005 0.05441546056314163 6
1748863106071 0.04846692074220106 7
1748863147996 0.055145663337453715 8
1748863199708 0.04724049730732374 9
1748863256377 0.05243845908637566 10
1748863307559 0.04899583492452534 11
1748863353165 0.05355899529124267 12
1748863410465 0.04921958501987785 13
1748863504363 0.04612342297608456 14
1748863604408 0.0487802536881492 15
1748863698022 0.04822063959868774 16
1748863768933 0.06024185924226194 17
1748863859672 0.0443465055970932 18
