1748860405132 55.75070071220398 1
1748860484925 79.79019498825073 2
1748860531143 46.21552038192749 3
1748860589571 58.426210165023804 4
1748860648551 58.977460622787476 5
1748860696112 47.55820298194885 6
1748860740053 43.938884258270264 7
1748860783120 43.06433701515198 8
1748860868334 85.21071124076843 9
1748860931764 63.42661738395691 10
1748860999786 67.90568590164185 11
1748861045649 45.78852295875549 12
1748861094534 48.77206611633301 13
1748861155203 60.53256392478943 14
1748861242450 87.16301560401917 15
1748861320671 78.13154935836792 16
1748861362916 42.16343402862549 17
1748861426730 63.71435284614563 18
1748861495365 68.50271272659302 19
1748861566906 71.45241451263428 20
