1748860405132 0.450955601528776 1
1748860484925 0.3861573766725699 2
1748860531143 0.5077460194839234 3
1748860589572 0.549675610501361 4
1748860648552 1.0277963034898723 5
1748860696112 2.201008585582701 6
1748860740053 0.5287741125034838 7
1748860783121 1.1194705085397532 8
1748860868335 0.4324248768208593 9
1748860931764 0.941329974022783 10
1748860999787 0.9653416995634393 11
1748861045649 1.6468547619973128 12
1748861094535 2.224022867922193 13
1748861155203 0.7860314947232294 14
1748861242451 1.4499729581381668 15
1748861320672 0.9853251764604183 16
1748861362917 2.3824405571219476 17
1748861426731 1.5309932270210331 18
1748861495365 0.6323189881572049 19
1748861566906 0.627489229660481 20
