1748860423967 73.90738868713379 1
1748860490282 66.3064296245575 2
1748860552347 62.06198024749756 3
1748860642365 90.01459622383118 4
1748860714854 72.48590850830078 5
1748860779483 64.62685060501099 6
1748860824021 44.535205125808716 7
1748860858249 34.22645020484924 8
1748860902828 44.57679104804993 9
1748860935381 32.55067253112793 10
1748860990085 54.63042402267456 11
1748861037511 47.347628593444824 12
1748861068276 30.669365882873535 13
1748861139967 71.59067153930664 14
1748861182965 42.883556604385376 15
1748861231251 48.197924852371216 16
1748861292688 61.35009813308716 17
1748861359176 66.40415549278259 18
1748861420471 61.16979455947876 19
1748861480109 59.551324129104614 20
