1748860423968 0.11677316128362383 1
1748860490283 0.06290940093768287 2
1748860552347 0.11956388840525843 3
1748860642365 0.050307032295017956 4
1748860714854 0.08595774986629937 5
1748860779484 0.08660806731327518 6
1748860824021 0.09602131968959403 7
1748860858250 0.13444433405520798 8
1748860902829 0.10031157840008953 9
1748860935382 0.18552127430588683 10
1748860990085 0.09775030339635313 11
1748861037512 0.09802410751195555 12
1748861068277 0.11335985845724675 13
1748861139968 0.06701842413627218 14
1748861182966 0.10034829604853154 15
1748861231251 0.07413403544782135 16
1748861292688 0.07436961622428472 17
1748861359176 0.07130746134967615 18
1748861420471 0.08887055284302378 19
1748861480110 0.0948360876327562 20
