1748860395862 46.350170373916626 1
1748860511287 115.42165350914001 2
1748860541811 30.521918535232544 3
1748860597549 55.73553919792175 4
1748860669521 71.97011399269104 5
1748860717359 47.83497953414917 6
1748860774198 56.837072134017944 7
1748860819063 44.86192798614502 8
1748860871258 52.18863296508789 9
1748860903970 32.709726095199585 10
1748861002019 97.97092247009277 11
1748861051878 49.80231475830078 12
1748861175297 123.30089688301086 13
1748861210122 34.74793028831482 14
1748861296418 86.2077202796936 15
1748861390731 94.227707862854 16
1748861481444 90.61805248260498 17
1748861571481 89.93824243545532 18
1748861680871 109.28576803207397 19
1748861760168 79.1655740737915 20
