1748860395862 1.131264009345514 1
1748860511287 0.5164880727158835 2
1748860541811 1.2860592384835925 3
1748860597549 0.4793478737598613 4
1748860669522 0.4540878214617589 5
1748860717359 0.7048360907323359 6
1748860774199 0.6524287150592961 7
1748860819063 0.9839228430733495 8
1748860871259 0.47159085079678154 9
1748860903971 0.7846598011138932 10
1748861002020 0.2939705069333541 11
1748861051879 0.8186938432898543 12
1748861175298 0.24533243631337032 13
1748861210122 1.2183665955220662 14
1748861296418 0.32580948010778366 15
1748861390731 0.34239531880517937 16
1748861481444 0.34057021523695985 17
1748861571482 0.31874422114569906 18
1748861680872 0.39622929971038356 19
1748861760168 0.24845875691338587 20
