1748868458534 2.8390656295399164 1
1748868711064 2.7150930170731007 2
1748868937675 2.873605720911754 3
1748869203497 2.4380240421731743 4
1748869548562 2.769442566371426 5
1748869959131 2.7952169616658393 6
1748870341819 2.79959723310676 7
1748870459601 2.74909852531352 8
1748870661206 2.4326108383968577 9
1748870882997 2.8147835568769963 10
1748871082561 2.7645942677993305 11
1748871325976 2.721464124907738 12
1748871624762 2.663243215092643 13
1748871835727 2.3408040433280473 14
1748872078463 2.395123144782328 15
1748872299805 2.7686169746218714 16
1748872539806 2.750151310877299 17
1748872917419 2.6895750153302407 18
