1748868458528 300.80885648727417 1
1748868711061 252.51705169677734 2
1748868937673 226.5976598262787 3
1748869203494 265.80918979644775 4
1748869548556 345.0455439090729 5
1748869959126 410.5454204082489 6
1748870341816 382.6710457801819 7
1748870459599 117.768075466156 8
1748870661203 201.59212517738342 9
1748870882994 221.77933430671692 10
1748871082558 199.17554688453674 11
1748871325973 242.77135920524597 12
1748871624759 298.3351938724518 13
1748871835724 210.46838641166687 14
1748872078460 242.33244371414185 15
1748872299800 220.76171803474426 16
1748872539801 239.2147798538208 17
1748872917415 376.87197971343994 18
