1748868298444 1.4072757724290708 1
1748868362383 1.3947706176590309 2
1748868495950 1.4212991505795354 3
1748868600290 1.4058886966885762 4
1748868695468 1.4060472035606626 5
1748868839293 1.4382874389117175 6
1748869041087 1.425597367632376 7
1748869103236 1.417135099764868 8
1748869263557 1.4262164706681602 9
1748869422820 1.4276672303705105 10
1748869584613 1.4054447594761352 11
1748869666571 1.4223313433866294 12
1748869804521 1.4484675837416319 13
1748869884199 1.4129131067981953 14
1748869975753 1.421089520722743 15
1748870064761 1.4017778328597679 16
1748870217438 1.4627933815377787 17
1748870359358 1.4392075464454912 18
1748870505413 1.4100212911957404 19
1748870639150 1.4542566857084374 20
