1748868298442 139.9967601299286 1
1748868362380 63.92874836921692 2
1748868495947 133.55395007133484 3
1748868600288 104.32813215255737 4
1748868695465 95.16718173027039 5
1748868839290 143.8117163181305 6
1748869041085 201.77980041503906 7
1748869103234 62.13507604598999 8
1748869263554 160.30770921707153 9
1748869422817 159.25051403045654 10
1748869584610 161.21653985977173 11
1748869666569 81.30774426460266 12
1748869804518 137.07637572288513 13
1748869884197 78.92066431045532 14
1748869975752 91.04195976257324 15
1748870064758 88.47434449195862 16
1748870217436 151.9377477169037 17
1748870359356 141.43972444534302 18
1748870505410 145.44325757026672 19
1748870639147 133.22967171669006 20
