1748860399673 0.1235518648932227 1
1748860473718 0.058452690456553415 2
1748860515670 0.14264494019215332 3
1748860569779 0.11166866630065381 4
1748860637666 0.0931142892278879 5
1748860716039 0.11486548367074932 6
1748860788455 0.08613608163711547 7
1748860820448 0.09779265858263976 8
1748860860265 0.08320547143160366 9
1748860883694 0.291588380826722 10
1748860952929 0.061383530428824884 11
1748860985592 0.07673058282139777 12
1748861038008 0.09762605930044285 13
1748861109019 0.06536207582407937 14
1748861162217 0.08345606266673714 15
1748861269190 0.061868386733695005 16
1748861412734 0.12011828234529091 17
1748861543371 0.05988576417160744 18
1748861603716 0.09309286216660903 19
1748861653197 0.09454569781009742 20
