1748860399673 50.156410932540894 1
1748860473717 74.04191851615906 2
1748860515670 41.95011353492737 3
1748860569778 54.10569667816162 4
1748860637665 67.88434624671936 5
1748860716039 78.36948132514954 6
1748860788455 72.41272330284119 7
1748860820448 31.986101865768433 8
1748860860264 39.81399154663086 9
1748860883694 23.426749229431152 10
1748860952929 69.18412041664124 11
1748860985592 32.60968899726868 12
1748861038008 52.364380836486816 13
1748861109018 70.95785593986511 14
1748861162216 53.14005994796753 15
1748861269189 106.88322019577026 16
1748861412734 143.37315821647644 17
1748861543371 130.48819637298584 18
1748861603715 60.216513872146606 19
1748861653196 49.352349042892456 20
