1748861897663 0.21248674935967582 1
1748861938270 0.17079612396400837 2
1748861965109 0.20058313259242375 3
1748861996358 0.18162070894749924 4
1748862043233 0.1736994289159683 5
1748862100492 0.20203486430369266 6
1748862192811 0.17072903285211272 7
1748862227160 0.2150051840441325 8
1748862275294 0.1811711926117585 9
1748862307196 0.25148615460478296 10
1748862367357 0.1884839831569916 11
1748862450963 0.16899735545796593 12
1748862535519 0.17763651515996803 13
1748862638142 0.19357887742092927 14
1748862679875 0.20136420142881906 15
1748862753017 0.1793649849745121 16
1748862830748 0.20932498118444356 17
1748862893414 0.20358353501401183 18
1748862959916 0.1861539666534644 19
1748863002113 0.18245583697443657 20
