1748861897662 49.42423224449158 1
1748861938270 40.60488772392273 2
1748861965108 26.836275100708008 3
1748861996358 31.246337890625 4
1748862043232 46.87191915512085 5
1748862100492 57.25610065460205 6
1748862192810 92.31461477279663 7
1748862227159 34.34522461891174 8
1748862275293 48.13056230545044 9
1748862307195 31.898062229156494 10
1748862367356 60.07765007019043 11
1748862450962 83.4868974685669 12
1748862535518 84.41886448860168 13
1748862638141 102.522620677948 14
1748862679875 41.48205065727234 15
1748862753016 73.00298261642456 16
1748862830747 77.60000777244568 17
1748862893413 62.49877047538757 18
1748862959916 66.40514397621155 19
1748863002113 42.08945608139038 20
