1748862230288 62.71863770484924 1
1748862314830 84.53791785240173 2
1748862348699 33.86591863632202 3
1748862407998 59.29644536972046 4
1748862467539 59.53693342208862 5
1748862500923 33.38071298599243 6
1748862549194 48.26765561103821 7
1748862591605 42.40757179260254 8
1748862625574 33.9655122756958 9
1748862656600 31.022921562194824 10
1748862739485 82.76654601097107 11
1748862846449 106.89126586914062 12
1748862986749 140.20184874534607 13
1748863132839 145.8960473537445 14
1748863223378 90.42326736450195 15
1748863335363 111.87127566337585 16
1748863442756 107.27618765830994 17
1748863535114 92.22553586959839 18
1748863644921 109.69550585746765 19
1748863706399 61.326133251190186 20
