1748862230289 10.331228065587352 1
1748862314830 8.42978985073995 2
1748862348699 11.269970921595567 3
1748862407999 9.564425126974328 4
1748862467540 8.953442831775119 5
1748862500924 11.243108870244594 6
1748862549195 10.071344274636637 7
1748862591605 10.34823209409109 8
1748862625574 9.450508790466351 9
1748862656601 10.72831528928289 10
1748862739486 7.718476968936568 11
1748862846450 8.160992991559532 12
1748862986750 7.766478734082391 13
1748863132839 8.006206319132085 14
1748863223378 7.986442236377254 15
1748863335364 7.392253788467032 16
1748863442757 7.466581691476518 17
1748863535115 7.856906112672615 18
1748863644922 7.613688977834908 19
1748863706400 8.417711185635183 20
