1748864710529 2140.736992446371 1
1748864872454 2108.4101996216586 2
1748864991497 2231.197131750274 3
1748865231136 2511.293435702591 4
1748865445123 2471.573613448977 5
1748865558303 2584.756970643326 6
1748865738702 2110.9328515385373 7
1748865847799 2232.9257121297505 8
1748865967753 2067.3741683477406 9
1748866060739 6606.934161290668 10
1748866203928 2145.068365313239 11
1748866380220 2216.379155091847 12
1748866500865 2288.4409638175734 13
1748866698887 2423.088330350324 14
1748866826092 2230.479847235949 15
1748866938733 2153.4310684085963 16
1748867064168 2195.877217047957 17
1748867209728 2074.284576514608 18
1748867476751 2088.1487190342486 19
1748867652045 2117.590448550036 20
