1748864710528 117.8791229724884 1
1748864872453 161.918621301651 2
1748864991496 119.0366415977478 3
1748865231134 239.63051462173462 4
1748865445122 213.97959780693054 5
1748865558302 113.16862535476685 6
1748865738700 180.39181065559387 7
1748865847797 109.09120774269104 8
1748865967752 119.9483733177185 9
1748866060738 92.98068499565125 10
1748866203927 142.8999559879303 11
1748866380218 175.98859930038452 12
1748866500863 120.31990647315979 13
1748866698885 197.69777607917786 14
1748866826090 126.82235407829285 15
1748866938732 112.22144389152527 16
1748867064167 125.0240969657898 17
1748867209727 145.203453540802 18
1748867476749 266.67437958717346 19
1748867652043 174.76159358024597 20
