1748861789955 0.19723359201990914 1
1748861826991 0.2128726803009466 2
1748861845143 0.22379153417498512 3
1748861885138 0.19477091814177097 4
1748861919314 0.18731780465606446 5
1748861957349 0.1758141735700622 6
1748862048198 0.16691571275189626 7
1748862067486 0.2051151214957358 8
1748862093627 0.183288115688761 9
1748862118466 0.21770257270494386 10
1748862136976 0.20353054063017345 11
1748862198427 0.1630022087368141 12
1748862228595 0.2050027669945709 13
1748862255347 0.20276114439289478 14
1748862296956 0.18301769676861132 15
1748862336703 0.18987426830091292 16
1748862377403 0.18613570612825953 17
1748862411770 0.19842991910538638 18
1748862444440 0.18180794265573835 19
1748862520965 0.1648286118550838 20
