1748861789954 40.24822998046875 1
1748861826991 37.02839136123657 2
1748861845142 18.14850926399231 3
1748861885137 39.99232769012451 4
1748861919313 34.16634249687195 5
1748861957349 38.03165578842163 6
1748862048198 90.84515142440796 7
1748862067485 19.284791231155396 8
1748862093626 26.1380672454834 9
1748862118466 24.836353302001953 10
1748862136976 18.41899299621582 11
1748862198426 61.35276174545288 12
1748862228594 30.08246088027954 13
1748862255346 26.507033586502075 14
1748862296955 41.48523736000061 15
1748862336702 39.62187147140503 16
1748862377403 40.556434631347656 17
1748862411770 34.237106800079346 18
1748862444440 32.52878952026367 19
1748862520964 76.3816020488739 20
