1748868422211 2.858285301121615 1
1748868736849 2.2702845356877766 2
1748869085297 2.8080766592633872 3
1748869354231 2.7118149940702434 4
1748869572882 2.760727897781689 5
1748869815182 2.876790077535909 6
1748870142796 2.5345931835192994 7
1748870268719 2.8503304864860866 8
1748870470652 2.7446632237210173 9
1748870665902 2.870202868222457 10
1748870979707 2.1418714878556266 11
1748871355737 2.0972102881004657 12
1748871773095 2.585133951967817 13
1748872128822 2.307200032935853 14
1748872515131 2.75119179809092 15
1748872913348 2.1785915563503417 16
1748873257753 2.629935354386157 17
