1748860445849 0.33911583244624355 1
1748860503240 0.31011032813635914 2
1748860555871 0.7758253206738878 3
1748860624208 0.45646842549536776 4
1748860723746 0.7912766227550934 5
1748860775230 0.029317929734527192 6
1748860831629 0.526671387528119 7
1748860868311 0.9483574519643412 8
1748860911656 0.6807352451930471 9
1748860954385 0.20331592948384442 10
1748861006455 1.5069998407872909 11
1748861065905 0.6408515524349311 12
1748861113623 0.7168070302170159 13
1748861151408 1.8711882197344285 14
1748861222096 0.2858486638840852 15
1748861279485 0.45138469219575633 16
1748861322926 0.15361402657457257 17
1748861376414 0.8004522382809566 18
1748861436619 0.8816936756129264 19
1748861496521 0.2583778407548369 20
