1748860445849 96.44612383842468 1
1748860503239 57.38795351982117 2
1748860555870 52.6283061504364 3
1748860624207 68.33342909812927 4
1748860723746 99.53431296348572 5
1748860775229 51.475775718688965 6
1748860831629 56.39625549316406 7
1748860868311 36.67895531654358 8
1748860911656 43.34256601333618 9
1748860954384 42.72550868988037 10
1748861006454 52.00579500198364 11
1748861065904 59.37300086021423 12
1748861113623 47.624457597732544 13
1748861151407 37.70114088058472 14
1748861222096 70.60223579406738 15
1748861279484 57.28064942359924 16
1748861322925 43.30634307861328 17
1748861376414 53.35161733627319 18
1748861436618 60.09304928779602 19
1748861496521 59.794801473617554 20
