1748868252782 1.3720536292405776 1
1748868365321 1.3291386598956498 2
1748868452690 1.3264231374743634 3
1748868571386 1.345210910940396 4
1748868653507 1.3227865710895086 5
1748868723669 1.3382189314397497 6
1748868895739 1.3609563057423057 7
1748868952112 1.349150521791581 8
1748869040204 1.32844263921109 9
1748869237387 1.3755539869972804 10
1748869325797 1.352743837545025 11
1748869446056 1.380780223567433 12
1748869564213 1.3616141482132442 13
1748869625886 1.3376442286546197 14
1748869705966 1.3667938756684836 15
1748869764188 1.3223188882261554 16
1748869803298 1.3182831679677616 17
1748869890760 1.3666878502278081 18
1748870017422 1.3711484956204358 19
1748870083892 1.3342466693212514 20
