1748868252779 93.565265417099 1
1748868365316 112.52258086204529 2
1748868452687 87.35209083557129 3
1748868571382 118.68194150924683 4
1748868653504 82.1046531200409 5
1748868723666 70.14933037757874 6
1748868895737 172.05866193771362 7
1748868952110 56.3612425327301 8
1748869040200 88.07178282737732 9
1748869237383 197.16398787498474 10
1748869325794 87.65834379196167 11
1748869446053 119.92322134971619 12
1748869564210 117.83476400375366 13
1748869625882 61.339614152908325 14
1748869705962 79.66908836364746 15
1748869764185 57.88178730010986 16
1748869803295 38.62579274177551 17
1748869890757 87.10002899169922 18
1748870017420 126.2776427268982 19
1748870083890 66.05224847793579 20
