1748868237674 1.3509902637947886 1
1748868311514 1.3682057737438829 2
1748868402066 1.3461976968851903 3
1748868532720 1.3637616271580357 4
1748868647096 1.3687395841401508 5
1748868735305 1.3511939413325786 6
1748868839663 1.3384518638598024 7
1748868991917 1.3626937867434508 8
1748869034538 1.3485490371806106 9
1748869095272 1.3439493435875283 10
1748869179983 1.35795942685334 11
1748869282659 1.3430779123289815 12
1748869421234 1.3641690528660657 13
1748869547868 1.3799458934350692 14
1748869621334 1.3488325837487967 15
1748869732350 1.3542091240643812 16
1748869845331 1.3541864670061396 17
1748869987566 1.3657879532215744 18
1748870120337 1.3683200165077227 19
1748870295934 1.3805857719188999 20
