1748868237671 79.20853018760681 1
1748868311510 73.82539081573486 2
1748868402063 90.53943276405334 3
1748868532717 130.64061570167542 4
1748868647093 114.36229538917542 5
1748868735302 88.19548106193542 6
1748868839659 104.34154510498047 7
1748868991914 152.23713994026184 8
1748869034535 42.60801720619202 9
1748869095268 60.71814799308777 10
1748869179980 84.35115242004395 11
1748869282656 102.33815479278564 12
1748869421231 138.31721591949463 13
1748869547865 126.22163724899292 14
1748869621331 73.10700750350952 15
1748869732347 110.61555552482605 16
1748869845329 112.49812579154968 17
1748869987560 141.79522323608398 18
1748870120335 132.16729712486267 19
1748870295929 175.15438318252563 20
