1748870893434 229.46647715568542 1
1748871079693 186.24157524108887 2
1748871270459 190.7467486858368 3
1748871387458 116.9814829826355 4
1748871543202 155.73295164108276 5
1748871705879 162.66414976119995 6
1748871854856 148.9656331539154 7
1748871970897 116.02900719642639 8
1748872075148 104.23956966400146 9
1748872216275 141.11461067199707 10
1748872319443 102.6958954334259 11
1748872456390 136.75040292739868 12
1748872544236 87.61076402664185 13
1748872698530 154.05428814888 14
1748872919297 220.51339030265808 15
1748873014029 94.48345565795898 16
1748873154720 140.3997299671173 17
