1748870893437 0.0138468380439806 1
1748871079698 0.01372650369943874 2
1748871270463 0.013769969858802284 3
1748871387460 0.013709076884088955 4
1748871543205 0.013715683530578365 5
1748871705881 0.01354514757543811 6
1748871854859 0.01375789978201009 7
1748871970899 0.013593615422151716 8
1748872075151 0.0136707352925812 9
1748872216279 0.013785745846990943 10
1748872319445 0.013718471674808753 11
1748872456393 0.013792594195380066 12
1748872544238 0.013619000481304305 13
1748872698532 0.013684174908386495 14
1748872919300 0.01359402944542731 15
1748873014031 0.013476778328432587 16
1748873154722 0.013679070373928822 17
