1748861957126 28.102484703063965 1
1748862084809 127.67463159561157 2
1748862126656 41.844435930252075 3
1748862177260 50.60097336769104 4
1748862245472 68.20922088623047 5
1748862276215 30.740350246429443 6
1748862341372 65.15400242805481 7
1748862375973 34.5988986492157 8
1748862421786 45.81006217002869 9
1748862450936 29.147052764892578 10
1748862585137 134.06824350357056 11
1748862701975 116.72565031051636 12
1748862812191 109.93855714797974 13
1748862956475 144.13873147964478 14
1748863101247 144.65126514434814 15
1748863219856 118.4825975894928 16
1748863311558 91.6232168674469 17
1748863406431 94.78136968612671 18
1748863481465 74.95097517967224 19
1748863521959 40.40715551376343 20
