1748861957126 11.521162471037032 1
1748862084809 8.775625071855758 2
1748862126657 10.699355262474572 3
1748862177260 9.424279357060641 4
1748862245472 8.94145504469812 5
1748862276216 10.389348020241105 6
1748862341372 9.407464678124784 7
1748862375974 10.031315353437197 8
1748862421787 8.749770838689816 9
1748862450937 10.816393428737662 10
1748862585138 8.479313520731045 11
1748862701975 8.06576449012498 12
1748862812191 8.533358625876936 13
1748862956476 8.347951886140489 14
1748863101248 8.203106206185533 15
1748863219857 8.063936281502922 16
1748863311559 8.056347622992302 17
1748863406432 7.941001058065037 18
1748863481466 8.466616533345851 19
1748863521960 10.882968511409766 20
