1748868427779 267.6562650203705 1
1748868560113 132.323988199234 2
1748868674933 114.8083438873291 3
1748868880579 205.62981128692627 4
1748869039359 158.76414251327515 5
1748869209607 170.23728013038635 6
1748869338842 129.22367334365845 7
1748869455414 116.5602536201477 8
1748869560319 104.89323329925537 9
1748869678166 117.83654856681824 10
1748869815689 137.32484650611877 11
1748869961761 145.85196828842163 12
1748870099613 137.66425561904907 13
1748870296031 196.146639585495 14
1748870487127 190.83454823493958 15
1748870633942 146.6240427494049 16
1748870794032 159.9037516117096 17
1748870952293 158.06378746032715 18
1748871064645 112.12344312667847 19
1748871207554 142.62549757957458 20
