1748868427781 0.013912023860087556 1
1748868560116 0.014004783635803139 2
1748868674937 0.013837010491803263 3
1748868880583 0.013989458105208208 4
1748869039361 0.013733360307862756 5
1748869209610 0.013875645555183044 6
1748869338845 0.014149145518912182 7
1748869455416 0.013954607075421052 8
1748869560321 0.01399531652319378 9
1748869678168 0.014000952067917306 10
1748869815692 0.013875270392082435 11
1748869961763 0.014042537035569985 12
1748870099617 0.013902007223723548 13
1748870296036 0.013893550658020512 14
1748870487129 0.013811657675474973 15
1748870633945 0.013946637700043512 16
1748870794035 0.013861112911554844 17
1748870952296 0.013765692527502621 18
1748871064648 0.013799444730655567 19
1748871207557 0.014041485016863503 20
