1748860409553 0.00509279755172483 1
1748860462237 0.005009465198976188 2
1748860496555 0.004978210954781899 3
1748860556848 0.005028955985829424 4
1748860639674 0.004841114032090051 5
1748860683961 0.004840635066412544 6
1748860727159 0.005022370235700061 7
1748860769872 0.004974418379108863 8
1748860811952 0.00553563643073395 9
1748860874248 0.00484844274769685 10
1748860951381 0.0049479159834879705 11
1748860999763 0.004848097336314068 12
1748861068946 0.005070225889490803 13
1748861174210 0.005006993637876294 14
1748861216886 0.005158482714038291 15
1748861320024 0.004810704960943238 16
1748861385944 0.005065977941273687 17
1748861495423 0.00476440191170147 18
1748861592706 0.005116925657459043 19
1748861673249 0.004785938237851389 20
