1748860409553 59.627633810043335 1
1748860462237 52.68164777755737 2
1748860496555 34.315372467041016 3
1748860556847 60.28916311264038 4
1748860639673 82.82251620292664 5
1748860683961 44.2850923538208 6
1748860727159 43.195724964141846 7
1748860769871 42.709325075149536 8
1748860811951 42.076619148254395 9
1748860874248 62.29270052909851 10
1748860951380 77.05383896827698 11
1748860999762 48.308048248291016 12
1748861068945 69.05658268928528 13
1748861174209 105.153892993927 14
1748861216885 42.41313982009888 15
1748861320024 103.03102231025696 16
1748861385944 65.77611303329468 17
1748861495422 109.32123637199402 18
1748861592706 97.14909410476685 19
1748861673248 80.40035223960876 20
