1748860408222 0.22765503728935033 1
1748860461606 0.05122952977797709 2
1748860489795 0.14791410521682594 3
1748860542998 0.08064030000023518 4
1748860591887 0.0610704396323857 5
1748860633594 0.1104076086198276 6
1748860684743 0.0936325773551612 7
1748860725736 0.10162380217593298 8
1748860783714 0.08923086162106733 9
1748860853301 0.14141762203495073 10
1748860989563 0.06585114657610007 11
1748861056542 0.04339155994109732 12
1748861129212 0.06671980160902763 13
1748861227509 0.034957654736794734 14
1748861320442 0.05473802723126868 15
1748861401404 0.04575183255068531 16
1748861495726 0.0447620465519962 17
1748861562174 0.04651743825666843 18
1748861651769 0.04754439770125578 19
1748861757517 0.04550314099732272 20
