1748860408222 58.70885419845581 1
1748860461605 53.380995988845825 2
1748860489794 28.186299562454224 3
1748860542997 53.200154542922974 4
1748860591886 48.886449098587036 5
1748860633593 41.70416808128357 6
1748860684743 51.14687204360962 7
1748860725735 40.9898042678833 8
1748860783713 57.975006103515625 9
1748860853300 69.58310723304749 10
1748860989562 136.1260106563568 11
1748861056541 66.88263058662415 12
1748861129211 72.56038069725037 13
1748861227509 98.2144763469696 14
1748861320441 92.85254526138306 15
1748861401404 80.8876633644104 16
1748861495725 94.23336815834045 17
1748861562173 66.37210631370544 18
1748861651769 89.52027702331543 19
1748861757517 105.66986560821533 20
