1748860416152 66.33857536315918 1
1748860491328 75.17294907569885 2
1748860542064 50.732839822769165 3
1748860599775 57.70804047584534 4
1748860666288 66.51081109046936 5
1748860728418 62.1269006729126 6
1748860790606 62.186031341552734 7
1748860823559 32.95012402534485 8
1748860871404 47.842392683029175 9
1748860920482 49.076277017593384 10
1748860961058 40.49667954444885 11
1748860990785 29.62688946723938 12
1748861019010 28.121954917907715 13
1748861055942 36.70432734489441 14
1748861104903 48.87151384353638 15
1748861159593 54.56743502616882 16
1748861187034 27.31257462501526 17
1748861237331 50.16136837005615 18
1748861285153 47.74026846885681 19
1748861341133 55.87034726142883 20
