1748860416153 1.1085955808200676 1
1748860491328 0.6508381228432241 2
1748860542064 0.47924437230577255 3
1748860599775 1.1636092586454523 4
1748860666289 1.3721911810650698 5
1748860728418 0.5441153253054904 6
1748860790607 1.1202430704391502 7
1748860823559 1.3472238631209605 8
1748860871404 0.8079198976563683 9
1748860920483 1.3147101113299309 10
1748860961058 1.3252074637527302 11
1748860990785 0.8411426581480625 12
1748861019011 1.4548615964358662 13
1748861055943 2.1616079490733604 14
1748861104904 0.5256475530037253 15
1748861159593 0.2134561152511878 16
1748861187035 0.6391403702746261 17
1748861237332 1.4444855345121854 18
1748861285153 0.1433053797414005 19
1748861341133 0.7633555205385797 20
