1748870851228 0.013925270341746414 1
1748871069807 0.014055652129351979 2
1748871166664 0.014132439142322645 3
1748871358632 0.014076282097961237 4
1748871520751 0.013861109642375346 5
1748871623511 0.013881346342196663 6
1748871810450 0.014078976660401341 7
1748871926931 0.013825172154354914 8
1748872036276 0.014153373502752638 9
1748872163605 0.014121915711612438 10
1748872295441 0.01388150451980208 11
1748872508448 0.014130869553098158 12
1748872617460 0.014014744272520547 13
1748872752900 0.013728317525927744 14
1748872968815 0.014045285146200152 15
1748873195456 0.0141343820062457 16
