1748870851222 220.67910885810852 1
1748871069804 218.55328631401062 2
1748871166661 96.84430718421936 3
1748871358629 191.9552562236786 4
1748871520748 162.10530161857605 5
1748871623506 102.74298787117004 6
1748871810447 186.9193320274353 7
1748871926927 116.46641826629639 8
1748872036273 109.3309679031372 9
1748872163602 127.31455111503601 10
1748872295438 131.53513979911804 11
1748872508443 212.8223819732666 12
1748872617456 108.67985558509827 13
1748872752897 135.21085166931152 14
1748872968811 215.68866610527039 15
1748873195453 226.2843096256256 16
