1748860435337 85.24159646034241 1
1748860485069 49.72891592979431 2
1748860522516 37.44476938247681 3
1748860576823 54.303816080093384 4
1748860639476 62.6505651473999 5
1748860693701 54.22162652015686 6
1748860771830 78.12559604644775 7
1748860853802 81.96807551383972 8
1748860936020 82.21359634399414 9
1748860972947 36.92347502708435 10
1748861007306 34.26524066925049 11
1748861071280 63.850911140441895 12
1748861121067 49.676827907562256 13
1748861193751 72.58848786354065 14
1748861311140 117.20972776412964 15
1748861392639 81.30526542663574 16
1748861438070 45.213706970214844 17
1748861476982 38.71718382835388 18
1748861596032 118.81399464607239 19
1748861673429 77.13683891296387 20
