1748860435338 0.8263248283087619 1
1748860485069 0.5093027042227146 2
1748860522517 1.10112508986164 3
1748860576824 0.5784290134115555 4
1748860639477 0.40039141240931947 5
1748860693701 0.6978909645828428 6
1748860771831 0.3181678717542497 7
1748860853803 1.1002713023261936 8
1748860936020 0.5129142119504814 9
1748860972947 1.1058063670888014 10
1748861007307 1.1133396160880842 11
1748861071281 0.4959142069032822 12
1748861121067 0.44716144824341875 13
1748861193752 0.6207608452631771 14
1748861311141 0.3556003952535238 15
1748861392640 0.5069831341827146 16
1748861438071 0.8681065387469763 17
1748861476982 1.3028184394411737 18
1748861596033 0.4529917406426104 19
1748861673430 0.7037474655920548 20
