1748868436535 278.8262577056885 1
1748868791471 354.9162974357605 2
1748869045414 253.9226212501526 3
1748869349615 304.1897039413452 4
1748869648858 299.23258423805237 5
1748869992756 343.8789439201355 6
1748870305556 312.7907829284668 7
1748870493737 188.16943073272705 8
1748870778762 285.01284193992615 9
1748871111083 332.30874371528625 10
1748871319982 208.66708660125732 11
1748871621594 301.3436212539673 12
1748871939580 317.3684778213501 13
1748872181551 241.60711193084717 14
1748872415088 233.23398780822754 15
1748872574263 158.8611776828766 16
1748872864812 290.24589109420776 17
1748873137460 272.20278000831604 18
