1748862021614 76.69151568412781 1
1748862096386 74.76813054084778 2
1748862137094 40.70484948158264 3
1748862190730 53.633524894714355 4
1748862269241 78.50710034370422 5
1748862331048 61.80342769622803 6
1748862409554 78.50169825553894 7
1748862446175 36.6181378364563 8
1748862488160 41.981791734695435 9
1748862530990 42.826868295669556 10
1748862737642 206.56124639511108 11
1748862862615 124.83585405349731 12
1748862983182 120.46027874946594 13
1748863078781 95.50598168373108 14
1748863268286 189.38996934890747 15
1748863383127 114.68164944648743 16
1748863506694 123.40181875228882 17
1748863619961 113.14833569526672 18
1748863755542 135.4659776687622 19
1748863876944 121.27353310585022 20
