1748862021615 11.161582038469025 1
1748862096387 8.413912951511243 2
1748862137095 10.353309721892618 3
1748862190731 9.280270171503727 4
1748862269242 8.442883718758756 5
1748862331049 10.116566770488173 6
1748862409554 9.925937391796316 7
1748862446176 9.729665771553599 8
1748862488161 8.87341631693673 9
1748862530991 10.525116369634 10
1748862737643 7.590086308410988 11
1748862862616 7.813875176095163 12
1748862983183 7.3744079384732135 13
1748863078782 7.606583366676631 14
1748863268286 7.491255182387532 15
1748863383128 7.6302618713615 16
1748863506695 7.343610182170016 17
1748863619962 7.496928642696314 18
1748863755542 7.672712721267123 19
1748863876945 7.586938585133596 20
