1748860393687 0.146853211433899 1
1748860485852 0.0547705660376027 2
1748860526490 0.1384122431855715 3
1748860610807 0.06643683114335702 4
1748860702192 0.08839056741116814 5
1748860740328 0.1617116592144372 6
1748860783432 0.10792296584025378 7
1748860819957 0.11693221737041032 8
1748860860108 0.11930168145406705 9
1748860883555 0.1922290721004914 10
1748860952712 0.054161416052625574 11
1748861010958 0.08601054545197484 12
1748861087736 0.043907975291724737 13
1748861109379 0.12743175096461506 14
1748861170884 0.10020004350169306 15
1748861223985 0.0746183867541019 16
1748861274143 0.0940825978522998 17
1748861308399 0.15312529711130818 18
1748861364753 0.08244727573616722 19
1748861433122 0.05720471119962395 20
