1748860393686 44.27301001548767 1
1748860485851 92.161541223526 2
1748860526489 40.63359308242798 3
1748860610806 84.31353664398193 4
1748860702191 91.38176846504211 5
1748860740328 38.13373851776123 6
1748860783431 43.10094165802002 7
1748860819956 36.52212691307068 8
1748860860107 40.14826798439026 9
1748860883554 23.44400453567505 10
1748860952712 69.08487677574158 11
1748861010958 58.14805245399475 12
1748861087736 76.6547122001648 13
1748861109378 21.562886476516724 14
1748861170883 61.40504288673401 15
1748861223985 52.99439573287964 16
1748861274142 50.044238805770874 17
1748861308398 34.134944915771484 18
1748861364753 56.23809361457825 19
1748861433121 68.2341558933258 20
